0.0
-83.19300000000001
0.0
3.5037145330336523
0.0
0.0
0.0
0.0
-94.23519900000001
35.85274235153549
0.0
24.6084372638971
9.925514292505483
1.2042702855416159
0.0
78.19549238855988
1.980968360214528
1.0068384776508628
0.0
0.0
1.4542616780695303
0.38188546031158543
0.0
0.4029186933019952
0.6721020577797597
0.23241282848239286
0.0
0.13454026867403507
0.0596706393000483
10.700760519027927
2.2793913410088344
0.6325823357036551
3.966428257304049
32.77133580817868
-99.7673694860128
-99.667670694304
0.0
59.21555994923402
1.2699158505062402
36.916279051287525
30.064701067531686
0.0
37.2772649136264
107.3541681471487
0.0
0.0
0.0
0.0
0.0
0.0669441056056661
0.9401202268866732
0.4021536524754067
0.16407869020996593
0.011168209885533296
0.19389253273495302
0.05677463329064565
0.04653420785638873
-51.0
1.040568390090234
0.0
0.0
0.0
0.0
0.0
-65.7
92.80026549104221
7.8840609052262405
7.334762936161807
43.19291009538353
29.4986428342272
54.504086821022455
-18.155442509283294
101.8428248503595
0.0
0.0
10.402933024103403
21.253516723338134
0.0965168765940976
0.14572183189036578
0.9856707168514869
0.5180685287771416
0.0
0.02316405038258343
0.013625911989754956
0.005559372091820023
0.0
0.24973641362165616
0.0
0.0
0.0
-30.0
0.0
0.0
-2.1152945958878013
30.56151223400753
0.0
0.0
30.504990342953437
123.72421916924714
0.0
-8.829380359223595
7.779110431535305
54.78416595105453
0.0
19.697397187880902
4.390786201944907
0.23656097204435686
0.0
10.352951961950202
0.007848525306098855
0.19189826052238232
0.0
0.05359071185570625
0.0
0.0
0.0
0.0
0.0
0.0
0.0
0.0
0.0
0.0
0.0
0.0
0.0
0.0
0.0
0.0
0.0
0.0
0.0
0.0
0.0
0.0
0.0
0.0
0.0
0.0
0.0
0.0
0.0
0.0
0.0
0.0
0.0
0.0
0.0
0.0
0.0
0.0
0.0
0.0
0.0
0.0
0.0
0.0
0.0
0.0
0.0
0.0
0.0
0.0
0.0
0.0
0.0
0.0
0.0
0.0
0.0
0.0
0.0
0.0
0.0
0.0
0.0
0.0
0.0
0.0
0.0
0.0
0.0
0.0
0.0
0.0
0.0
0.0
0.0
0.0
0.0
0.0
0.0
0.0
0.0
0.0
0.0
