0.0
-94.23519900000001
0.0
0.4060938240000001
0.0
0.0
0.0
0.0
-95.9646393
53.166864605721834
0.0
27.168507872640003
36.40920305135199
0.0
0.0
69.76487084147018
0.0
14.719032113817603
0.19377841766400006
3.238841907400311
3.478366192435201
27.748818432000004
-75.99000000000001
-88.2351
17.045008444062724
40.681224
13.8204480053588
60.651916056000005
36.41468434560001
0.0
51.08665926604245
91.76457
0.0
-91.76457
5.347126885215698
5.951316566384641
0.0
0.0
0.0
0.0
-83.19300000000001
88.2351
20.240444160000003
27.255096
0.0
0.0
0.0
0.0
0.0
16.792447264819206
2.5131744002241336
0.0
9.672524950063107
27.580786848000006
-91.76457
0.0
11.443847961600001
-75.99000000000001
52.0389144
0.0
0.0
0.0
0.0
0.0
