0.0
-99.99999999999999
0.0
40.95999999999998
0.0
0.0
0.0
0.0
-99.99999999999999
63.999999999999986
0.0
63.999999999999986
51.19999999999998
0.0
0.0
79.99999999999999
0.0
51.19999999999998
32.76799999999998
32.76799999999998
40.95999999999998
63.999999999999986
-99.99999999999999
-99.99999999999999
51.19999999999998
79.99999999999999
51.19999999999998
79.99999999999999
63.999999999999986
0.0
63.999999999999986
99.99999999999999
0.0
-99.99999999999999
40.95999999999998
40.95999999999998
0.0
0.0
0.0
0.0
-99.99999999999999
99.99999999999999
63.999999999999986
63.999999999999986
0.0
0.0
0.0
0.0
0.0
51.19999999999998
32.76799999999998
0.0
40.95999999999998
63.999999999999986
-99.99999999999999
0.0
51.19999999999998
-99.99999999999999
79.99999999999999
0.0
0.0
0.0
0.0
0.0
