0.0
16.770765325849357
0.0
26.208373557160584
20.964422760894973
-99.99999999856496
0.0
-99.99999985188867
0.0
0.0
0.0
0.0
-99.99945883043962
0.0
0.0
-99.99842224617964
0.0
-99.99999999999994
20.96637086261422
32.76056981223198
0.0
0.0
0.0
0.0
0.0
0.0
0.0
0.0
0.0
0.0
0.0
0.0
0.0
-99.99999999999999
26.2073627383544
40.95421267306868
0.0
0.0
0.0
0.0
-99.99678009424419
99.99945883043962
-99.99922690062803
63.98012820425089
0.0
0.0
0.0
0.0
0.0
51.197579248092346
32.76280210521426
0.0
40.95622533551577
63.99851943230393
-99.99999999999666
0.0
51.197207403314465
-99.99999989632207
79.99887919146042
0.0
0.0
0.0
0.0
0.0
